.Random.seed <-
c(403L, 10L, -607573L, -1145286711L, 703931352L, -301612410L, 
-2035231903L, 1157158643L, 415926626L, 448559060L, 421266135L, 
642894029L, 208420964L, 541945418L, 126843829L, -834877681L, 
-415542250L, -521011520L, 491038851L, -1323875167L, -2091816304L, 
-1024681618L, -952027367L, 1730800555L, 158398874L, 1548754268L, 
392655967L, -1949111243L, 154105804L, 668214050L, 693689725L, 
1376251511L, -203335778L, -2059340200L, -520003653L, 554545497L, 
1451682536L, -1070615786L, -1099418479L, -327325373L, -1884101550L, 
-1850132764L, 1474916647L, -269000323L, -1907758988L, -821491110L, 
-1562999131L, 798708927L, -1831671994L, 1686816208L, -855402509L, 
689336081L, -358453440L, 228398878L, 109283305L, 516238619L, 
-1125775574L, -1548625844L, 793980943L, 612203333L, -927322884L, 
-2114167982L, -276972339L, -70075257L, 843810670L, -972539576L, 
520764747L, 2129109161L, 817316344L, -2020871898L, 2036363841L, 
-1530577965L, -427652734L, 2018213300L, -1463908041L, -379429843L, 
-1029191356L, -258195862L, 1901770965L, 886183535L, 488489846L, 
2021618848L, 386592099L, -1676575231L, 900218224L, -336519922L, 
1123868537L, 665837323L, 972431418L, -158552260L, -798094209L, 
1307779029L, 1594888684L, -2011602110L, 1248144541L, -120564457L, 
1592192126L, 1658864696L, -2117491941L, -1918580615L, 961712328L, 
-1586349834L, -1417393871L, -409468573L, -1021996238L, -754754428L, 
718235847L, -569584739L, -313436396L, 1358958010L, 277310469L, 
836927967L, -125860762L, -28326928L, 1580760339L, -1200037199L, 
575294816L, -1690057986L, 258408073L, -259380805L, 467735434L, 
1963702892L, 1438381039L, 1887271973L, -222731044L, -1846052174L, 
2146770349L, 1864016231L, -2136916338L, 1701930856L, -1121362069L, 
-1259763447L, 550772632L, 1173448390L, -14601183L, -1543069517L, 
2137258530L, -976667628L, 836939927L, -638172531L, 973755300L, 
1080257930L, -1769760267L, -924224433L, 1417392982L, -1367332352L, 
-1703181501L, -1232813343L, 1036046416L, 1265103022L, -2009914279L, 
-1373645717L, 748394970L, 984228508L, -562496353L, 1874112245L, 
-1916578932L, 534438498L, -551528899L, 1295071415L, 878724958L, 
559450776L, -499459589L, -162200679L, 1127996456L, -295400234L, 
-2017281711L, 1280448515L, -325730414L, -1485542108L, -813931545L, 
-327960515L, 755689140L, -30446310L, -653164955L, 637358847L, 
254740358L, -399394544L, 342706611L, -1979116975L, -1280966144L, 
-1906696482L, -1974020823L, -1775544101L, 2083954666L, 292126604L, 
1299787983L, 391229573L, -1366469828L, 446425618L, -1518214899L, 
-693638585L, -1994592210L, 1325876616L, -495739765L, -352045463L, 
-1093834184L, 513719014L, 926160513L, 2046376467L, 673938882L, 
1374811764L, 1235257463L, 1823680877L, 985304580L, -466092758L, 
1343445653L, 590016815L, 1979008054L, -2073927584L, -1954675037L, 
1785004481L, 1734917552L, 752792782L, 1124409913L, 417641547L, 
-179841542L, 239423740L, 744277311L, 1576073749L, -219983572L, 
872038914L, -1130819363L, 142435287L, -1414897986L, 739141880L, 
-842230053L, -545854151L, -489326456L, 1406719456L, -1834198110L, 
-139895896L, -608117620L, 1892807612L, 656548978L, -2031646736L, 
2022483012L, -1351415720L, 310837306L, -733050768L, 1874722364L, 
-706189548L, -1902982462L, 299012832L, -532364164L, -73691952L, 
-1750150238L, 471191080L, -21921524L, 929171388L, 184512818L, 
-449521472L, 1063899700L, -95118648L, -1102167366L, -2117874544L, 
341985004L, -497510828L, 871638674L, 1891198752L, -333596724L, 
631236832L, 1980206786L, -142306264L, -82732116L, 652380860L, 
-1747475982L, 1780409904L, -837978204L, -2062990920L, -133883046L, 
1623692432L, -729474180L, 116432660L, 704486722L, 693423872L, 
1711520700L, 1442488144L, 612229410L, 1881582152L, 1657853964L, 
-1133540260L, 165532114L, 625939968L, -80973484L, -1766514456L, 
2030883066L, 348956368L, -872724180L, 7158004L, -81121902L, -600045216L, 
-470857716L, -1973900576L, 1631625826L, -1089242456L, -245728692L, 
-182204548L, -2037936846L, 907863664L, 236518212L, 1947928536L, 
-9330822L, 1773841968L, -1082075204L, -1819339180L, 1009289282L, 
-856653664L, 956034748L, -1910732336L, -503880862L, -1299840280L, 
-2103459636L, -1221066244L, 1208396274L, -599164288L, -1776290316L, 
1694852744L, 901865274L, -933133488L, -398822292L, -937854572L, 
-355589038L, -1199019552L, 1210989772L, 615394464L, -2028563070L, 
-573824792L, -1856405780L, 2044497212L, -1112097678L, 235233392L, 
-2055604188L, -319411144L, -427133158L, 183139536L, 1053759292L, 
-1372006508L, 1435962242L, 368357824L, -1092792772L, -211147376L, 
-896686558L, -1137402616L, -2043705716L, -974072036L, -308404078L, 
-733820544L, 1938644500L, -1264300248L, 1381438010L, 1510020560L, 
-675214996L, -1750686796L, 460048402L, 1929965024L, 495927244L, 
1123066080L, -1324230622L, -1929412312L, 1090928140L, 1148706620L, 
-805536782L, -1238390032L, -480467388L, -266821032L, -1218355398L, 
-1170278928L, 1487785660L, 1903384852L, -234161470L, -2005906336L, 
-1876987012L, 1439877072L, -69091038L, -1172338008L, 412480396L, 
1462544572L, -1527027918L, -66385344L, 1900962996L, 620001864L, 
1913822650L, 1993013776L, 1035455212L, 53365076L, 1103905042L, 
-1834730080L, 641440460L, 961429088L, -1827545150L, -1451000024L, 
-2038083668L, 704295740L, 711002482L, 1973795632L, -463207132L, 
1730124600L, -505243942L, -544661616L, -982978820L, 1573159828L, 
296613954L, -31005440L, -2069412804L, -1853226672L, -569882462L, 
453613896L, -436861172L, 481047260L, -57922222L, -73122688L, 
964558932L, -1739139096L, 94380282L, 935578448L, 711515948L, 
2100992372L, -798405742L, 1133520992L, 233825676L, 2132245344L, 
-1989686814L, 979200936L, 990395596L, -1430308868L, 614098354L, 
-2060710416L, 799472580L, -1245717160L, 2087973242L, -288420944L, 
-1169014340L, -138786732L, 501362626L, -1243318240L, -1241048900L, 
1765163600L, 1509116898L, -987748248L, 899169356L, -2132379396L, 
722271218L, 8542464L, 1187627380L, -131595256L, 229146554L, 816845264L, 
1880021996L, 1427110292L, 1519223250L, 986108256L, 1651863372L, 
190408992L, -1034463358L, 2128924392L, 152663354L, 1756761071L, 
-608264583L, 187590926L, 1342470364L, -1872826547L, -1617584457L, 
-446051264L, -265927394L, -1307648021L, -636050579L, -682446374L, 
-132207720L, 1946849793L, 1866286003L, 498246356L, -587807774L, 
1612289655L, 942051265L, 2129964358L, 1741520004L, -1828175307L, 
-1357657569L, -1770058376L, -104215466L, 507810019L, -1447823707L, 
-2107458750L, -1587621584L, -1342723751L, 1811114699L, 536351548L, 
1536228202L, -426403425L, -984035287L, 1338944190L, 236284844L, 
186783997L, 82711623L, 314372912L, -1270123442L, 1706367099L, 
2110594013L, 394592778L, 902194984L, -181470831L, 126697347L, 
-114019196L, 1664545458L, -866179577L, 254994001L, -319857194L, 
-444354380L, -285610811L, 1072049679L, 1263363720L, -1196667994L, 
-1071676589L, 278138037L, 1962895890L, 790325216L, 1100003913L, 
-1802178437L, 1207378252L, -781028134L, -1264651057L, -1490050919L, 
1918041262L, -1106654788L, 2107814445L, 1217758679L, -424997856L, 
1766027646L, 1392140107L, 56010061L, 1100999546L, -1616974408L, 
-1254256799L, -288348397L, -2052178124L, -1340904126L, 1561895255L, 
-57578335L, 2083616102L, -2070489244L, -881748331L, -563900481L, 
1863242584L, 1922150774L, -1511050365L, -1579699771L, 725604066L, 
-793888944L, 1531482745L, -813558357L, -1993942244L, 2003774538L, 
1100855359L, -1794529143L, 1580067998L, 134519116L, 322699549L, 
1434586279L, 1151425488L, -298704018L, 1151296027L, 887284605L, 
-612957846L, -699727864L, -1563613007L, 142296867L, 1432405028L, 
-91646254L, 2100818727L, -1661192847L, 1183923126L, -1500274860L, 
1575098853L, -222657553L, -242232536L, -1633692794L, -1107234893L, 
2073413397L, 191656306L, -1374440000L, -1124489687L, 758282907L, 
-2104491156L, 495836026L, 2051384495L, -67252295L, -1586902578L, 
2031758620L, 780290189L, -921131785L, 42434560L, -425090466L, 
1185594667L, -665666003L, -573929830L, 524014168L, 1635003841L, 
-1014787469L, 464850836L, 690036258L, 1772200247L, -1230213119L, 
-1960964858L, 861485380L, 24423541L, -380224033L, -1487845064L, 
